select * from wp_postmeta where post_id = 191;
select * from wp_postmeta where post_id = 191 and meta_key='author_string';
select * from wp_postmeta where post_id = 191 and meta_key='authors';
update wp_postmeta set meta_value = 'Editorial Team' where post_id = 191 and meta_key='author_string';

update wp_postmeta set meta_value = 'Editorial Team' where post_id in (194, 195, 197, 199, 201, 202, 205,206,210,215,216,221,225,227,232,246,247,252,263,264,265,271,277,278,279,280,281,282,296,297,298,299,300,308,314,315,316,317,333,334,335,336,346,347,348,353,354,356,369,370,385,386,387,390,411,412,415,430,431,449,450,451,453,469,473,488,491,508,509,522,527,528,536,541,544,545,567,568,581,588,590,591,605,606,609,624,625,645,646,648,649,657,671,673,674,682,684,685,695,696,716,717,735,739,742,743,762,763,776,783,784,796,805,806,807,823,824,825,826,843,850,851,852,865,869,873,875,876,877,878,894,899,922,923,924,940,941,942,943,958,959,978,979,983,998,999,1002,1018,1019,1026,1043,1044,1046,1058,1062,1064,1083,1084,1087,1103,1104,1107,1122,1123,1127,1144,1145,1148,1162,1163,1182,1183,1184,1199,1200,1203,1216,1217,1218,1242,1244,1245,1248,1263,1268,1269,1288,1295,1296,1316,1317,1318,1336,1337,1338,1349,1355,1356,1357,1362,1379,1380,1383,1399,1400,1408,1426,1427,1449,1450,1453,1468,1469,1477,1497,1498,1500,1525,1527,1529,1530,1546,1548,1553,1576,1577,1585,1606,1607,1614,1615,1616,1617,1618,1641,1642,1666,1678,1700,1701,1725,1726,1743,1752,1758,1779,1780,1783,1808,1809,1837,1838,1864,1865,1872,1890,1891,1896,1915,1916,1937,1938,1957,1958,1974,1975,1980,2056,2129) and meta_key='author_string';

update wp_postmeta set meta_value = 'a:1:{i:0;a:9:{s:10:"first_name";s:9:"Editorial";s:11:"middle_name";s:0:"";s:9:"last_name";s:4:"Team";s:11:"affiliation";s:0:"";s:7:"country";s:0:"";s:5:"email";s:0:"";s:19:"competing_interests";s:0:"";s:9:"biography";s:0:"";s:15:"primary_contact";b:1;}}' where post_id in (194, 195, 197, 199, 201, 202, 205,206,210,215,216,221,225,227,232,246,247,252,263,264,265,271,277,278,279,280,281,282,296,297,298,299,300,308,314,315,316,317,333,334,335,336,346,347,348,353,354,356,369,370,385,386,387,390,411,412,415,430,431,449,450,451,453,469,473,488,491,508,509,522,527,528,536,541,544,545,567,568,581,588,590,591,605,606,609,624,625,645,646,648,649,657,671,673,674,682,684,685,695,696,716,717,735,739,742,743,762,763,776,783,784,796,805,806,807,823,824,825,826,843,850,851,852,865,869,873,875,876,877,878,894,899,922,923,924,940,941,942,943,958,959,978,979,983,998,999,1002,1018,1019,1026,1043,1044,1046,1058,1062,1064,1083,1084,1087,1103,1104,1107,1122,1123,1127,1144,1145,1148,1162,1163,1182,1183,1184,1199,1200,1203,1216,1217,1218,1242,1244,1245,1248,1263,1268,1269,1288,1295,1296,1316,1317,1318,1336,1337,1338,1349,1355,1356,1357,1362,1379,1380,1383,1399,1400,1408,1426,1427,1449,1450,1453,1468,1469,1477,1497,1498,1500,1525,1527,1529,1530,1546,1548,1553,1576,1577,1585,1606,1607,1614,1615,1616,1617,1618,1641,1642,1666,1678,1700,1701,1725,1726,1743,1752,1758,1779,1780,1783,1808,1809,1837,1838,1864,1865,1872,1890,1891,1896,1915,1916,1937,1938,1957,1958,1974,1975,1980,2056,2129) and meta_key='authors';




-- a:1:{i:0;a:10:{s:10:"first_name";s:1:"-";s:11:"middle_name";s:0:"";s:9:"last_name";s:1:"-";s:11:"affiliation";s:0:"";s:7:"country";s:0:"";s:17:"country_localized";N;s:19:"competing_interests";s:0:"";s:9:"biography";s:0:"";s:15:"primary_contact";b:1;}}

select * from wp_postmeta where post_id = 964;
select * from wp_postmeta where post_id = 964 and meta_key='author_string';
select * from wp_postmeta where post_id = 964 and meta_key='authors';


update wp_postmeta set author_string = 'Editorial Team' where post_id = 191;



(194, 195, 197, 199, 201, 202, 205,206,210,215,216,221,225,227,232,246,247,252,263,264,265,271,277,278,279,280,281,282,296,297,298,299,300,308,314,315,316,317,333,334,335,336,346,347,348,353,354,356,369,370,385,386,387,390,411,412,415,430,431,449,450,451,453,469,473,488,491,508,509,522,527,528,536,541,544,545,567,568,581,588,590,591,605,606,609,624,625,645,646,648,649,657,671,673,674,682,684,685,695,696,716,717,735,739,742,743,762,763,776,783,784,796,805,806,807,823,824,825,826,843,850,851,852,865,869,873,875,876,877,878,894,899,922,923,924,940,941,942,943,958,959,978,979,983,998,999,1002,1018,1019,1026,1043,1044,1046,1058,1062,1064,1083,1084,1087,1103,1104,1107,1122,1123,1127,1144,1145,1148,1162,1163,1182,1183,1184,1199,1200,1203,1216,1217,1218,1242,1244,1245,1248,1263,1268,1269,1288,1295,1296,1316,1317,1318,1336,1337,1338,1349,1355,1356,1357,1362,1379,1380,1383,1399,1400,1408,1426,1427,1449,1450,1453,1468,1469,1477,1497,1498,1500,1525,1527,1529,1530,1546,1548,1553,1576,1577,1585,1606,1607,1614,1615,1616,1617,1618,1641,1642,1666,1678,1700,1701,1725,1726,1743,1752,1758,1779,1780,1783,1808,1809,1837,1838,1864,1865,1872,1890,1891,1896,1915,1916,1937,1938,1957,1958,1974,1975,1980,2056,2129)


select count(*) from wp_postmeta where meta_key='author_string' and meta_value = '- -';

CORRECT
1707, Articles,   a:3:{i:0;a:9:{s:10:"first_name";s:2:"NJ";s:11:"middle_name";s:0:"";s:9:"last_name";s:6:"Gogtay";s:11:"affiliation";s:56:"Seth GS Medical College and KEM Hospital, Mumbai 400 012";s:7:"country";s:2:"IN";s:5:"email";s:20:"njgogtay@hotmail.com";s:19:"competing_interests";s:0:"";s:9:"biography";s:35:"Department of Clinical Pharmacology";s:15:"primary_contact";b:1;}

1443, Comments,   a:2:{i:0;a:9:{s:10:"first_name";s:6:
1233, NONE,       a:2:{i:0;a:9:{s:10:"first_name";s:6:
17126, NONE,      a:1:{i:0;a:9:{s:10:"first_name";s:5:
16850, Comments,  a:1:{i:0;a:9:{s:10:"first_name";s:8:

INCORRECT
324, Articles,    a:1:{i:0;a:9:{s:10:"first_name";s:2:
403, Articles,    a:1:{i:0;a:10:{s:10:"first_name";s:2:"S.";s:11:"middle_name";s:2:"M.";s:9:"last_name";s:6:"Phanse";s:11:"affiliation";s:61:"6, Bandra Saroj, St. Andrew’s Road, Bandra, Mumbai 400 050.";s:7:"country";s:2:"IN";s:17:"country_localized";s:5:"India";s:19:"competing_interests";s:0:"";s:9:"biography";s:0:"";s:15:"primary_contact";b:1;}}



select distinct meta_key from wp_postmeta;
select

  update wp_postmeta set meta_value = 'a:38:{i:0;s:5:"17322";i:1;s:5:"17314";i:2;s:5:"17286";i:3;s:5:"17276";i:4;s:5:"17270";i:5;s:5:"17268";i:6;s:5:"17266";i:7;s:5:"17263";i:8;s:5:"17257";i:9;s:5:"17254";i:10;s:5:"17244";i:11;s:5:"17241";i:12;s:5:"17235";i:13;s:5:"17291";i:14;s:5:"17230";i:15;s:5:"17213";i:16;s:5:"17208";i:17;s:5:"17204";i:18;s:5:"17192";i:19;s:5:"17175";i:20;s:5:"17103";i:21;s:5:"17097";i:22;s:5:"17094";i:23;s:5:"17083";i:24;s:5:"17036";i:25;s:5:"17023";i:26;s:5:"17021";i:27;s:5:"17014";i:28;s:5:"17002";i:29;s:5:"16993";i:30;s:5:"16990";i:31;s:5:"16984";i:32;s:5:"16980";i:33;s:5:"16966";i:34;s:5:"16961";i:35;s:5:"16956";i:36;s:5:"16904";i:37;s:5:"16872";}' where meta_id = 19055;

select meta_value from wp_postmeta where meta_id = 19055;



insert into paper_files